export_daes_mssb/mario/model/model.dae
bone_0 0
0.00000 0.00000 0.00000
-0.70711 0.70711 0.00000 0.00000
bone_36 0
0.00000 0.00000 0.00000
-0.70711 -0.70711 0.00000 0.00000
bone_1 0
0.00000 0.00000 0.00000
-0.70711 -0.70711 0.00000 0.00000
bone_3 0
0.00000 0.00000 0.00000
-0.70711 -0.70711 0.00000 0.00000
bone_2 0
0.00000 0.00000 0.00000
-0.70711 -0.70711 0.00000 0.00000
bone_4 0
0.00000 0.02472 0.71178
-0.50000 -0.50000 0.50000 -0.50000
bone_32 0
0.00000 0.00000 -0.16075
-0.50385 0.50385 0.49612 0.49612
bone_33 0
0.28088 -0.00000 -0.00000
-0.99990 -0.00000 0.01429 -0.00000
bone_34 0
0.20831 0.00000 0.00000
-0.99998 0.00000 -0.00656 0.00000
bone_35 0
0.09427 -0.00000 0.18903
-0.70711 0.00000 -0.70711 0.00000
bone_40 0
0.24291 -0.00000 -0.00000
-1.00000 0.00000 0.00000 0.00000
bone_28 0
0.00000 0.00000 0.16075
-0.50385 0.50385 0.49612 0.49612
bone_29 0
0.28088 0.00000 -0.00000
-0.99990 -0.00000 0.01429 0.00000
bone_30 0
0.20831 -0.00000 0.00000
-0.99998 0.00000 -0.00656 -0.00000
bone_31 0
0.09427 0.00000 0.18903
-0.70711 -0.00000 -0.70711 -0.00000
bone_39 0
0.24291 0.00000 -0.00000
0.00000 -0.00000 -1.00000 -0.00000
bone_5 0
0.00000 0.00000 0.00000
-0.50000 -0.50000 0.50000 -0.50000
bone_6 0
0.11866 -0.00000 -0.03298
-1.00000 -0.00000 -0.00040 -0.00000
bone_7 0
0.19302 0.00000 -0.00016
-1.00000 0.00000 0.00000 0.00000
bone_8 0
0.21736 -0.00000 0.00059
-1.00000 0.00000 -0.00171 -0.00000
bone_22 0
-0.09948 0.04313 0.01461
-0.00149 -0.70711 -0.70711 0.00149
bone_23 0
0.19610 0.00000 -0.00000
-0.99999 -0.00013 -0.00478 0.00003
bone_24 0
0.18918 -0.00000 -0.00000
-0.99996 -0.00000 0.00848 0.00000
bone_25 0
0.21547 -0.00000 -0.00000
-0.69158 0.72230 -0.00180 0.00089
bone_26 0
0.29977 0.00000 0.00000
-1.00000 0.00040 0.00000 0.00000
bone_38 0
0.02268 0.00000 0.00000
-0.00000 0.00000 -1.00000 -0.00000
bone_16 0
-0.09948 -0.04313 0.01461
-0.00149 0.70711 -0.70711 -0.00149
bone_17 0
0.19610 -0.00000 0.00000
-0.99999 0.00013 -0.00478 -0.00003
bone_18 0
0.18918 0.00000 -0.00000
-0.99996 0.00000 0.00848 -0.00000
bone_19 0
0.21547 0.00000 0.00000
-0.69158 -0.72230 -0.00180 -0.00089
bone_20 0
0.29977 -0.00000 0.00000
-1.00000 -0.00040 -0.00000 0.00000
bone_37 0
0.02268 0.00000 0.00000
-1.00000 0.00000 0.00000 0.00000
bone_9 0
0.12626 0.00000 -0.00000
-1.00000 -0.00000 0.00211 0.00000
bone_70 0
0.00000 0.00000 0.00000
1.00000 0.00000 0.00000 0.00000
bone_65535 0
0.65725 -0.00000 -0.00000
-1.00000 0.00000 0.00000 0.00000
bone_46 0
0.00000 0.71742 0.00000
-0.70711 0.00000 -0.70711 0.00000
bone_71 0
0.00000 -0.82909 0.05742
-1.00000 0.00000 0.00000 0.00000
